10,283
10,25
10,297
10,85
10,301
10,209
10,125
10,75
8,11
8,13
8,9
8,7
535,5
535,4
535,3
535,2
535,1
535,0
533,5
533,4
533,3
533,2
533,1
533,0
530,5
530,4
530,3
530,2
530,1
530,0
528,5
528,4
528,3
528,2
528,1
528,0
525,5
525,4
525,3
525,2
525,1
525,0
524,8
524,7
524,6
524,5
524,4
524,3
524,2
524,1
524,0
521,6
521,5
521,4
521,3
521,2
521,1
521,0
519,9
519,8
519,7
519,6
519,5
519,4
519,3
519,2
519,1
519,0
517,5
517,4
517,3
517,2
517,1
517,0
514,5
514,4
514,3
514,2
514,1
514,0
511,4
511,3
511,2
511,1
511,0
509,1
509,3
509,2
20,3
20,2
20,1
19,2
19,3
19,1
12,3
12,2
12,1
11,29
11,27
11,21
11,19
11,15
11,13
11,5
11,3
11,2
11,1
10,309
10,293
10,271
10,239
18,1
10,207
18,3
10,203
10,161
10,1
10,111
10,3
10,2
9,7
